-3.138999224022954060e+00
-3.047381993730384764e+00
-3.089503727158201318e+00
-3.127033177404572761e+00
-3.146104132303345846e+00
-3.148210624471389885e+00
-3.279379533910171229e+00
-3.109251007486756979e+00
-3.090612896790374098e+00
-3.084872409989871223e+00
-3.147507538171147257e+00
-3.034693656697856401e+00
-3.192621799877776834e+00
-3.301703316329211990e+00
-3.238688765831929661e+00
-3.027735439213823376e+00
-3.112112298580405056e+00
-3.145175982763809941e+00
-3.102685770455416492e+00
-3.136624978849910317e+00
-3.061898233587999396e+00
-3.097934826038174716e+00
-3.247548162319210618e+00
-3.161416910617006248e+00
-3.242163574253626557e+00
-3.110633579291738560e+00
-2.999358430585181701e+00
-3.235526433964169168e+00
-3.050299789868101019e+00
-3.138785155599744137e+00
-3.070815956341286235e+00
-3.247258228378322453e+00
-3.213171101885195835e+00
-3.024485588936829394e+00
-3.192058158191778627e+00
-3.385720163265608207e+00
-3.114159584581216667e+00
-3.098005265215955539e+00
-2.955253644615848607e+00
-3.266290875335171151e+00
-3.028109573026925183e+00
-3.093113350892546798e+00
-2.986097633867593526e+00
-3.122834281736351247e+00
-3.178636911082170613e+00
-3.301786150986720791e+00
-3.114158717385092867e+00
-3.241962267125857000e+00
-3.172609904094346067e+00
-3.059542405432871259e+00
-3.367815558528552966e+00
-2.881649055752669497e+00
-3.041709145894678556e+00
-3.197542475022717490e+00
-3.078279021860569120e+00
-3.054879686946303519e+00
-3.103906915875884298e+00
-3.106678659058815128e+00
-3.038751265658655942e+00
-3.260015001434168003e+00
-3.211547419561850081e+00
-3.180038210300523360e+00
-3.116912500357946314e+00
-3.171076896821395152e+00
-3.137996678745821111e+00
-3.115071090143680888e+00
-3.054733875316566039e+00
-3.194691805238645266e+00
-3.234869837570124140e+00
-3.180910814332542635e+00
-3.174872123426860426e+00
-3.278880902660102237e+00
-3.230590239881666381e+00
-3.159697636689781763e+00
-3.065098681842664430e+00
-3.136166260762288438e+00
-3.051431905679732992e+00
-3.134874892126177759e+00
-3.078777400187060476e+00
-3.175644245305880631e+00
-3.159477541592912164e+00
-2.896442358304176068e+00
-3.040679931750925213e+00
-3.160360625941701862e+00
-3.094404111503219035e+00
-3.218085581217775992e+00
-3.219296797201755655e+00
-3.086662794629350781e+00
-3.081688089924164320e+00
-3.201416967494213228e+00
-3.134867844730230502e+00
-3.251063034173068189e+00
-3.098032128608356750e+00
-3.129723070653107619e+00
-3.138447256996373280e+00
-3.149770824905306021e+00
-3.236350783956492450e+00
-3.128625640367808103e+00
-3.074704786265595846e+00
-3.277431482981686184e+00
